
vel_vec = [7.25470629645799E-06;
-2.27521499105061E-06;
-1.25678352378385E-07;
1.63932708133844E-02;
1.89091181958514E-02;
4.24112571339776E-05;
1.90149617551291E-02;
-6.61220975976628E-03;
-1.18768477813617E-03;
1.17722782516113E-02;
-1.23518736907278E-02;
1.02655392368618E-06;
1.13684003331809E-02;
-1.27648015537233E-02;
-3.86824141490190E-05;
-3.31252997539529E-03;
-1.22619529669942E-02;
-1.75637163169807E-04;
-7.63183710987736E-03;
5.23447479223980E-04;
1.68587492711929E-04;
-1.38902309199243E-02;
3.99760689702198E-06;
5.89551831184985E-05;
3.22920945971665E-04;
5.53081150780822E-03;
-1.08858629237828E-04;
3.20017554219909E-03;
6.79321097216717E-03;
-1.04637234393300E-03;
-3.32021148573568E-03;
1.96994925658974E-03;
5.02661964804393E-05;
5.18242494871350E-06;
3.15721332042006E-03;
-6.54303078682830E-05];

