pos_vec = [-4.83133499478513E-03; -5.27297617557687E-03; 1.64280879473630E-04;
       2.58792259537027E-01; -3.35448104183717E-01; -5.09980824187281E-02;
       -2.38912388905760E-01; -6.92204145590273E-01; 4.23360752838218E-03;
-7.25235517478128E-01; -7.10999652086636E-01; 2.08519079820269E-04;
-7.27213694935046E-01; -7.09302392883573E-01; 3.48543622149749E-04;
-1.60458248995629E+00; 4.51631844616480E-01; 4.89692626731236E-02;
1.11359175223993E-01; 5.11816928427233E+00; -2.37178719488836E-02;
1.10747678935175E-01; 5.12529635015518E+00; -2.34546705610003E-02;
9.51988400053585E+00; -1.08704034077836E+00; -3.60136045170545E-01;
9.52350745284997E+00; -1.09353539108877E+00; -3.57147112077194E-01;
1.06894960950013E+01; 1.63388177557454E+01; -7.78024127630140E-02;
2.98774046145246E+01; -2.47583412915477E-01; -6.83456978636725E-01];
